6 0.253464 0.457454 0.203802 0.277500
6 0.421354 0.659491 0.248229 0.427870
6 0.379036 0.245602 0.105469 0.103241
6 0.610964 0.264074 0.072448 0.108704
6 0.555156 0.182917 0.049375 0.062870
6 0.651172 0.182130 0.042448 0.070556
6 0.567135 0.118889 0.029792 0.037778
6 0.611745 0.127593 0.024740 0.035185
6 0.657578 0.153611 0.030781 0.040185
6 0.660026 0.130741 0.022552 0.031667
6 0.659401 0.109306 0.018073 0.022500
6 0.656172 0.095463 0.015156 0.020000
6 0.593958 0.095787 0.018229 0.027500
6 0.604245 0.084954 0.013490 0.020833
901 0.629792 0.083889 0.022083 0.047963
6 0.649297 0.087639 0.008490 0.014167
6 0.724844 0.115046 0.014479 0.018796
6 0.711953 0.103796 0.010885 0.017037
6 0.643750 0.081343 0.009792 0.015463
6 0.725885 0.137685 0.017708 0.028704
