6 0.407630 0.613380 0.248906 0.432685
6 0.126328 0.667593 0.252656 0.404074
6 0.609401 0.263333 0.072240 0.109259
6 0.641719 0.188287 0.041042 0.065278
7 0.505885 0.155787 0.050104 0.070648
6 0.576380 0.168194 0.042344 0.049167
901 0.580677 0.092407 0.042083 0.071296
6 0.606849 0.088657 0.013802 0.018241
6 0.616927 0.119259 0.023021 0.033148
6 0.629167 0.104028 0.016563 0.025278
6 0.659687 0.132778 0.022500 0.032407
6 0.659115 0.113148 0.018229 0.022593
6 0.656927 0.096759 0.015104 0.020370
6 0.650573 0.086065 0.010833 0.013796
6 0.643594 0.080231 0.009375 0.012130
6 0.638021 0.075093 0.007812 0.011667
6 0.629714 0.092083 0.016198 0.017500
6 0.627031 0.077778 0.010208 0.011667
6 0.630234 0.086296 0.012344 0.014630
901 0.621849 0.065185 0.012760 0.024630
6 0.727396 0.115556 0.016771 0.019444
6 0.607240 0.077083 0.012917 0.012870
