6 0.397266 0.672593 0.271198 0.454074
6 0.612240 0.270000 0.079375 0.131852
6 0.537318 0.203981 0.062240 0.077407
6 0.511771 0.151852 0.049271 0.066667
6 0.571380 0.115556 0.026719 0.035926
6 0.646823 0.196759 0.043542 0.067037
6 0.658984 0.149352 0.029635 0.047407
6 0.660052 0.124722 0.022292 0.023889
6 0.659167 0.107500 0.017917 0.023704
6 0.655547 0.097315 0.012135 0.017407
6 0.649766 0.087778 0.012760 0.016667
901 0.621849 0.098704 0.032344 0.067407
6 0.597891 0.093657 0.017240 0.025278
6 0.713984 0.107037 0.011719 0.017222
6 0.721432 0.128981 0.017760 0.027778
