901 0.264115 0.488519 0.528229 0.842778
6 0.380208 0.680833 0.272604 0.467778
6 0.552865 0.127778 0.035208 0.042963
6 0.592630 0.100694 0.019427 0.025463
6 0.649271 0.085833 0.010729 0.014074
6 0.630651 0.104815 0.017448 0.022778
6 0.650521 0.149583 0.026667 0.044907
8 0.600052 0.080509 0.021875 0.042685
6 0.627552 0.079491 0.010625 0.014722
6 0.661042 0.128472 0.021979 0.036944
6 0.654323 0.115000 0.018333 0.023333
6 0.643594 0.080093 0.008125 0.009074
6 0.693490 0.087130 0.009792 0.010741
10 0.701979 0.093935 0.012396 0.024537
6 0.629531 0.094491 0.015521 0.018056
6 0.629792 0.086111 0.013750 0.015556
