6 0.553490 0.376204 0.117396 0.189074
6 0.452734 0.283796 0.109115 0.143704
901 0.441641 0.171713 0.162656 0.180833
6 0.577266 0.172083 0.044635 0.058241
6 0.638437 0.203889 0.046875 0.072593
6 0.652318 0.159954 0.033802 0.047500
6 0.576615 0.115370 0.026458 0.032778
6 0.613516 0.123380 0.025469 0.038796
6 0.661224 0.129537 0.025052 0.039074
6 0.625469 0.104815 0.018125 0.024630
6 0.657630 0.099676 0.015052 0.020278
6 0.651693 0.089583 0.012344 0.017130
6 0.646719 0.082315 0.009271 0.015370
6 0.641172 0.078380 0.008281 0.011574
901 0.629297 0.072037 0.016823 0.032037
6 0.630339 0.092639 0.014531 0.020093
6 0.602526 0.090000 0.017656 0.023889
6 0.607943 0.082083 0.010573 0.018611
6 0.607474 0.070741 0.009740 0.011111
6 0.604583 0.065556 0.006354 0.010556
6 0.601276 0.062731 0.004740 0.008611
6 0.614271 0.065463 0.005729 0.008704
901 0.604974 0.056296 0.008073 0.013704
6 0.620729 0.071991 0.005833 0.013426
8 0.691198 0.085278 0.014271 0.023889
6 0.718568 0.110694 0.012344 0.018981
6 0.704323 0.094306 0.008542 0.013241
6 0.730599 0.110139 0.011823 0.018056
