6 0.303125 0.787037 0.342396 0.425926
6 0.189974 0.377454 0.172760 0.200833
6 0.604531 0.279074 0.081146 0.137778
6 0.489453 0.253657 0.093802 0.107130
6 0.469479 0.178287 0.065729 0.075833
6 0.582135 0.159352 0.041875 0.062963
6 0.560078 0.125556 0.032656 0.047593
6 0.656198 0.169167 0.032917 0.052593
6 0.583932 0.104120 0.023385 0.031944
6 0.624401 0.110417 0.019010 0.031759
6 0.601172 0.088981 0.014844 0.020370
6 0.607031 0.079583 0.011875 0.018796
6 0.653047 0.127176 0.022135 0.039352
6 0.662240 0.123102 0.013542 0.027500
6 0.660964 0.101713 0.017552 0.023426
6 0.650729 0.088935 0.010833 0.018241
7 0.647630 0.082731 0.009948 0.019537
6 0.628281 0.099583 0.015208 0.023796
6 0.631302 0.087963 0.012604 0.016667
6 0.629141 0.080370 0.011406 0.012593
6 0.715807 0.101481 0.010885 0.014815
6 0.631406 0.070324 0.007708 0.011759
6 0.623620 0.074444 0.008281 0.011481
6 0.619323 0.069537 0.005937 0.008333
8 0.643307 0.073472 0.013385 0.023426
6 0.636484 0.074722 0.006094 0.011667
901 0.611380 0.069954 0.010365 0.024537
901 0.605964 0.063704 0.008594 0.017963
6 0.625703 0.067870 0.005990 0.008704
